# Created by Octave 6.2.0, Mon Aug 14 20:34:19 2023 -03 <marianameyerf@penguin>
# name: x
# type: scalar
13.972239999999999


# name: y
# type: scalar
3.7747658235197772


# name: z
# type: scalar
1.2389537732211815


